1.000000000000000000e+00 1.969468009228849958e-01 1.067935637165729520e-04 2.588715078644330561e+02 9.018758901937857717e-03
2.000000000000000000e+00 3.515598667421569457e-01 1.486860595386199982e-04 2.663748441087412857e+02 7.327962232794300694e-03
3.000000000000000000e+00 5.065153586757566995e-01 2.605094633962439800e-04 2.854441375133767451e+02 9.456463319327328490e-03
4.000000000000000000e+00 6.607520325639226755e-01 3.831337693229102466e-04 2.922788837809005145e+02 1.019650383812393916e-02
5.000000000000000000e+00 8.147328917262414150e-01 1.290064791314304447e-04 2.735572371443017232e+02 7.752552080230575883e-03
6.000000000000000000e+00 9.698329758518732246e-01 1.277823469014332559e-04 2.732783972615536641e+02 8.032729208509774288e-03
7.000000000000000000e+00 1.123814737251792595e+00 1.005535009633362820e-04 2.661030487137874729e+02 7.383857178124699633e-03
8.000000000000000000e+00 1.278810749147214265e+00 1.342382812370741406e-04 2.772775879956413405e+02 8.051012649767730692e-03
9.000000000000000000e+00 1.433355442474990138e+00 1.699756647399036636e-04 2.917678600214011908e+02 8.656670279657266084e-03
1.000000000000000000e+01 1.587903589446419073e+00 2.662403576341786722e-04 2.793498262487367469e+02 9.365464209061813428e-03
1.100000000000000000e+01 1.742014583078921541e+00 1.134175024677500673e-04 2.693790950041141059e+02 8.003544211802438024e-03
1.200000000000000000e+01 1.896840147042269775e+00 1.646353751339605146e-04 2.791015998773912656e+02 7.978358185784227910e-03
1.300000000000000000e+01 2.051146455348276110e+00 1.158682702516794293e-04 2.658803180566478659e+02 8.929144560841397599e-03
1.400000000000000000e+01 2.206061094649717003e+00 2.462619634842582567e-04 2.860433344463402818e+02 8.346725314085548519e-03
1.500000000000000000e+01 2.360415016293653245e+00 8.784952793302468102e-05 2.854398248076508366e+02 7.918449864118826120e-03
1.600000000000000000e+01 2.514923608738217187e+00 1.624646634561557044e-04 2.940070146185092881e+02 8.390500806039201051e-03
1.700000000000000000e+01 2.669556017465882114e+00 1.649801804111687340e-04 2.780861239846169610e+02 8.839422145327230709e-03
1.800000000000000000e+01 2.824759778449405179e+00 2.191731931535569478e-04 2.720197578500178111e+02 9.284587945312687898e-03
1.900000000000000000e+01 2.978788466059231421e+00 1.234145459122707052e-04 2.630015126954232869e+02 8.706422024118828581e-03
2.000000000000000000e+01 3.133451933137806567e+00 1.732352984379276542e-04 2.705417255622202219e+02 9.171004032136800127e-03
2.100000000000000000e+01 3.287992135987734876e+00 2.213369454565551511e-04 2.517898277918637007e+02 8.272525825966912244e-03
2.200000000000000000e+01 3.441890312318901746e+00 1.202627022752704157e-04 2.743624060871368329e+02 8.625759669178237332e-03
2.300000000000000000e+01 3.597225438597869474e+00 1.544098727542967482e-04 2.776687459615324087e+02 8.614542080219885628e-03
2.400000000000000000e+01 3.751522133173156082e+00 1.094340938122840954e-04 2.970603895475309741e+02 9.168394997433651147e-03
2.500000000000000000e+01 3.904978526768887903e+00 1.632397024070837775e-04 3.031783175190082602e+02 8.831576146059066587e-03
2.600000000000000000e+01 4.060559264853979222e+00 1.392296466819227378e-04 2.662308137287503769e+02 8.181469478378017995e-03
2.700000000000000000e+01 4.214450168858062007e+00 8.655633422138541983e-05 2.757920011509969527e+02 8.582560066198249502e-03
2.800000000000000000e+01 4.369337841003444467e+00 1.323714988616338294e-04 2.729560493747829355e+02 8.398914986799330129e-03
2.900000000000000000e+01 4.524445374831577382e+00 2.114210413750391580e-04 2.938817285604719132e+02 9.736194986984863728e-03
3.000000000000000000e+01 4.678570128068703760e+00 1.623617732704836958e-04 2.828263299928510719e+02 8.233099525707819957e-03
3.100000000000000000e+01 4.833350334518777380e+00 1.920443751541911254e-04 2.829825920186991652e+02 8.135266110477355067e-03
3.200000000000000000e+01 4.987281996857370281e+00 1.663272067615200909e-04 2.746761694240453835e+02 8.611152673628025278e-03
3.400000000000000000e+01 5.296656968410861310e+00 1.744764856279287541e-04 2.826038042217671205e+02 9.022795238604254531e-03
3.500000000000000000e+01 5.451556049690208461e+00 7.384819661041363940e-04 2.696488863159957532e+02 1.100163277854819717e-02
3.600000000000000000e+01 5.605960175264095291e+00 1.927303686428808490e-04 2.844414948502007974e+02 8.914430546260319194e-03
3.700000000000000000e+01 5.760256720310527712e+00 1.661847564020124159e-04 2.621295984578191565e+02 8.054749327618453136e-03
3.800000000000000000e+01 5.914282973979917202e+00 6.348363313421083237e-05 2.633196659979285528e+02 7.854114682036112197e-03
3.900000000000000000e+01 6.069565579138980205e+00 3.503245965317734159e-04 2.795663463490907930e+02 9.940437110469492812e-03
4.000000000000000000e+01 6.223968065631192204e+00 1.286339099076425725e-04 2.828461875833908152e+02 8.153022174598944030e-03
4.100000000000000000e+01 6.377998723979880324e+00 1.268573990739323154e-04 2.881624426589854124e+02 8.582455983268141506e-03
4.200000000000000000e+01 6.532781678642174406e+00 1.899573164627822329e-04 2.924679625598614052e+02 9.168223115759547431e-03
4.300000000000000000e+01 6.687414193112238614e+00 1.507954599302301947e-04 2.980252744865398995e+02 9.239284616959886343e-03
4.400000000000000000e+01 6.841636705568563848e+00 1.407358819241313398e-04 2.667701081680793891e+02 8.786249577952182088e-03
4.500000000000000000e+01 6.996230074764887341e+00 1.632932558539792079e-04 2.729614599262892511e+02 8.580576469566241274e-03
4.600000000000000000e+01 7.151044167759534886e+00 1.726682090998996207e-04 2.829623446470762929e+02 8.529143627360503271e-03
4.700000000000000000e+01 7.305569423898542247e+00 6.091155880889876484e-05 2.856529043887570083e+02 7.426557851650641799e-03
4.800000000000000000e+01 7.459671779910754807e+00 1.837090080031851091e-04 2.823198438357845816e+02 9.456123261467792168e-03
4.900000000000000000e+01 7.615042673257881312e+00 1.594487737727006934e-04 2.643088909777030722e+02 8.964490044064611640e-03
5.000000000000000000e+01 7.768730425597861533e+00 8.761035104477812223e-05 2.690324690556107612e+02 7.436876166934001595e-03
5.100000000000000000e+01 7.923514412868962964e+00 1.637146320409587393e-04 2.595456345240514793e+02 7.996355059575115803e-03
5.200000000000000000e+01 8.077892674859496580e+00 2.939681293507970293e-04 2.768196216890358414e+02 8.633507307336510742e-03
5.300000000000000000e+01 8.233101502843608088e+00 1.600759302638828812e-04 2.995857672149944051e+02 9.621244371516443628e-03
5.400000000000000000e+01 8.386851762446914549e+00 1.149210351760474112e-04 2.846255054697638798e+02 8.242873094417915714e-03
5.500000000000000000e+01 8.541334342542393543e+00 1.245328863170476474e-04 2.795625411231225712e+02 8.045978326963781208e-03
5.600000000000000000e+01 8.696359716899841885e+00 2.604762209220172703e-04 2.774706078464649295e+02 9.189214104896760785e-03
5.700000000000000000e+01 8.851004339486136629e+00 1.464306307722331032e-04 2.663322794236228219e+02 7.984110671064165166e-03
5.800000000000000000e+01 9.005981303755836720e+00 2.410925726661570503e-04 2.877825923926754967e+02 9.470366611846699201e-03
5.900000000000000000e+01 9.159453408660873208e+00 1.577790756213409847e-04 2.798193858207368976e+02 8.556780452682169469e-03
6.000000000000000000e+01 9.314314671160984105e+00 1.625218559430158716e-04 2.655368347170469292e+02 8.915206701160987082e-03
6.100000000000000000e+01 9.468759746585176273e+00 1.393395074854939647e-04 2.792011494354024421e+02 8.572225717434007325e-03
6.200000000000000000e+01 9.623062147326166382e+00 8.858797123840651019e-05 2.866142993709296434e+02 8.583518182341138766e-03
6.300000000000000000e+01 9.777268052878408611e+00 1.711003521794483763e-04 3.101586595416338810e+02 7.729342724088365812e-03
6.400000000000000000e+01 9.932610394860741820e+00 1.003211991287747932e-04 2.965821959515519097e+02 8.210047567302333413e-03
6.500000000000000000e+01 1.008676510472928278e+01 1.567905132715320150e-04 2.599560156701930396e+02 8.993920632636390189e-03
6.600000000000000000e+01 1.024149830898691960e+01 1.523850479648696237e-04 2.930779087061685573e+02 8.870511648935952911e-03
6.700000000000000000e+01 1.039632730617509537e+01 1.121074519717428307e-04 2.861556542363002222e+02 8.149300774363812602e-03
6.800000000000000000e+01 1.055076602162984933e+01 2.174498899815382926e-04 2.790874586241627071e+02 9.246692063855387056e-03
6.900000000000000000e+01 1.070569008945839506e+01 1.030605998485390780e-04 2.723088213995330307e+02 8.762878651498997098e-03
7.000000000000000000e+01 1.085955235263929808e+01 1.378424740178917508e-04 2.797733459229269783e+02 8.843469721120015767e-03
7.100000000000000000e+01 1.101382008553257030e+01 1.342030866901075146e-04 2.755189028011173491e+02 8.499320435031125151e-03
7.200000000000000000e+01 1.116943945722769271e+01 3.173585691628297745e-04 2.888507701489093620e+02 1.044963728602938367e-02
7.300000000000000000e+01 1.132319585062639611e+01 1.590744163511792703e-04 2.897413317864192095e+02 8.666830401240716367e-03
7.400000000000000000e+01 1.147740248965671306e+01 1.331479402838575210e-04 2.603714241280965780e+02 8.834612405797690957e-03
7.500000000000000000e+01 1.163164853123356579e+01 1.349067403778991109e-04 3.006261628277416662e+02 9.460203952142580419e-03
7.600000000000000000e+01 1.178669265373169850e+01 1.448720668364455761e-04 2.710401820014130863e+02 8.629336698777283904e-03
7.700000000000000000e+01 1.194169702975364977e+01 2.607287840908911205e-04 2.828446178235079174e+02 9.760975145691033750e-03
7.800000000000000000e+01 1.209571495644463646e+01 8.077823714108903772e-05 2.692439007838902967e+02 7.964560062260577639e-03
7.900000000000000000e+01 1.224974110321456067e+01 8.121773800826659155e-05 2.938820957777302283e+02 7.767193419091834514e-03
8.000000000000000000e+01 1.240477666018636782e+01 2.070540571417387962e-04 2.925667380036016425e+02 8.487124211239763932e-03
8.100000000000000000e+01 1.255937948677678229e+01 1.521923982383320908e-04 2.981942006008016506e+02 8.583412917216025687e-03
8.200000000000000000e+01 1.271398534890610499e+01 1.022696158054286694e-04 3.063214838449193849e+02 8.644597051085795708e-03
8.300000000000000000e+01 1.286765170154212434e+01 1.242301154341638500e-04 2.953574990898434862e+02 7.766765463086168497e-03
8.400000000000000000e+01 1.302299913245206575e+01 1.272065693444922481e-04 3.170973088302384326e+02 9.331548142700974574e-03
8.500000000000000000e+01 1.317731553899243124e+01 1.209824267155521090e-04 2.874648434729476776e+02 7.867293389381082094e-03
9.400000000000000000e+01 1.456746866232408699e+01 1.842998870706972169e-04 2.938090361406320312e+02 8.446177839717381591e-03
9.500000000000000000e+01 1.472247859800705960e+01 1.123394425049265369e-04 2.982442361123944465e+02 7.816619640276963737e-03
9.600000000000000000e+01 1.487711859616481291e+01 2.091606291210013980e-04 2.878692804338613200e+02 9.369911149274476325e-03
9.700000000000000000e+01 1.503170487433403757e+01 1.560913041939165501e-04 2.828923096849417789e+02 8.581463682207371435e-03
9.800000000000000000e+01 1.518648394438492844e+01 3.317851364813152585e-04 2.959848624826897208e+02 1.017943131997507862e-02
9.900000000000000000e+01 1.534065900233692226e+01 1.694183157269063262e-04 2.756913501954463754e+02 8.493653207252786427e-03
1.000000000000000000e+02 1.549496923321939512e+01 1.453744916480346832e-04 2.973398984560892018e+02 8.807668167559562847e-03
1.010000000000000000e+02 1.564981073227783348e+01 6.816772045677168775e-05 2.948254332647982778e+02 7.749818807818317778e-03
1.020000000000000000e+02 1.580414913564002255e+01 1.996492829492102982e-04 2.783619431422298476e+02 8.971620761663240753e-03
1.030000000000000000e+02 1.595915638971573181e+01 2.304730107637384254e-04 2.983969940386934923e+02 9.171655877738642965e-03
1.040000000000000000e+02 1.611315135702320234e+01 1.340417310591394940e-04 2.738865778979366610e+02 7.969370793381003182e-03
1.050000000000000000e+02 1.626766808569876943e+01 1.403056138014773023e-04 3.206341963598271718e+02 9.736529361202115804e-03
1.060000000000000000e+02 1.642248011270407915e+01 1.192048049760575647e-04 3.025535074208019068e+02 9.197523400096257323e-03
1.070000000000000000e+02 1.657688680512022472e+01 1.423176271422208177e-04 2.950203196139171951e+02 7.859404758183721057e-03
1.080000000000000000e+02 1.673151744030782950e+01 1.514045078587493605e-04 2.896373226466531037e+02 8.735373732336099151e-03
1.090000000000000000e+02 1.688607398716795061e+01 1.831700571232101839e-04 2.822399594562174912e+02 8.042759599827394371e-03
1.100000000000000000e+02 1.704059663425854154e+01 8.209868926918255469e-05 3.054965429077227554e+02 8.433437243306741299e-03
1.110000000000000000e+02 1.719523875758113363e+01 1.235861997030451625e-04 3.082921497319855462e+02 8.665191251716180057e-03
1.120000000000000000e+02 1.734996706625104324e+01 1.656892759307191157e-04 2.692374345862785390e+02 8.973628344275974902e-03
1.130000000000000000e+02 1.750413502243243258e+01 1.028651210016547123e-04 2.934566798650196233e+02 8.787556895114560784e-03
1.140000000000000000e+02 1.765854986739675780e+01 1.334042983596971630e-04 3.067129973496842581e+02 8.624435482322901844e-03
1.150000000000000000e+02 1.781303787965006080e+01 1.998553074048762428e-04 3.051032788390860446e+02 8.959873900401073288e-03
1.160000000000000000e+02 1.796736606877302478e+01 9.429297447611073699e-05 2.893263954173275465e+02 7.673502747449539342e-03
1.170000000000000000e+02 1.812269472694539019e+01 1.784104803221097984e-04 2.846989111265889960e+02 9.104548962327159434e-03
1.180000000000000000e+02 1.827683966123911574e+01 1.187455712477062856e-04 2.935521168723068968e+02 8.202572073887684154e-03
1.190000000000000000e+02 1.843176613633442429e+01 2.153030634031879954e-04 2.636144607320026125e+02 9.178965645420443520e-03
1.200000000000000000e+02 1.858559762716172514e+01 1.382163368563185885e-04 3.021656897722213557e+02 8.379005907752699531e-03
1.210000000000000000e+02 1.874067332487901894e+01 1.463264781007498347e-04 2.772925861472765519e+02 8.762077357572815167e-03
1.220000000000000000e+02 1.889488037739862136e+01 1.381321648349103271e-04 3.047012663497314406e+02 8.445541091347508536e-03
1.230000000000000000e+02 1.904960225589763922e+01 2.415652850086248097e-04 3.032114827394817667e+02 9.525135292454771016e-03
1.240000000000000000e+02 1.920329702374831626e+01 2.520424403072934029e-04 2.756667677394047473e+02 8.981122860549566739e-03
1.250000000000000000e+02 1.935791439381426571e+01 1.198107513282479413e-04 2.929770992582216422e+02 8.486599613542910106e-03
1.260000000000000000e+02 1.951321657928477293e+01 2.226788735376157482e-04 2.858889727661009488e+02 8.418081362292634262e-03
1.270000000000000000e+02 1.966759501205830674e+01 1.840207464376804813e-04 2.912914697795879988e+02 8.505089335517959301e-03
1.280000000000000000e+02 1.982232773549476335e+01 1.545402071885018365e-04 3.105593249504923392e+02 8.894918185331154858e-03
1.290000000000000000e+02 1.997673694182745052e+01 2.276852380051239773e-04 3.006545143490248506e+02 8.883565607394382571e-03
1.300000000000000000e+02 2.013106900729550475e+01 1.331141807002921452e-04 3.097585559668877977e+02 9.075131714677905567e-03
1.310000000000000000e+02 2.028505081266450105e+01 1.137387961500031569e-04 3.029123260293350768e+02 8.066472143153783844e-03
1.320000000000000000e+02 2.044013458974444930e+01 1.266312870991061408e-04 2.970639906608508340e+02 8.504789612554523176e-03
1.330000000000000000e+02 2.059479603892156163e+01 7.885571669940607024e-05 3.092504526666348852e+02 8.932272696641865503e-03
1.340000000000000000e+02 2.074929856625946556e+01 1.609823503897673017e-04 3.060104892614202754e+02 9.053714471108063183e-03
1.350000000000000000e+02 2.090313623653297626e+01 1.064923646009580907e-04 3.292202766572710857e+02 8.625228602545985737e-03
1.360000000000000000e+02 2.105817051963294873e+01 1.223477926470646019e-04 3.026002257863383420e+02 8.223324823255353383e-03
1.370000000000000000e+02 2.121281262360986375e+01 8.904595612942611989e-05 2.933619805749190732e+02 8.435222434718461781e-03
1.380000000000000000e+02 2.136660416964959452e+01 7.456183873284190692e-05 3.052392954048539764e+02 8.117062575849222014e-03
1.390000000000000000e+02 2.152140804294847598e+01 1.775525567476661547e-04 2.920214186244161283e+02 9.242411263631199192e-03
1.400000000000000000e+02 2.167656059959134751e+01 1.426623673498013725e-04 2.890345071869862181e+02 8.574865569780166716e-03
1.410000000000000000e+02 2.183074550350744758e+01 1.320534779625829821e-04 2.862929682945961076e+02 8.307592421675263211e-03
1.420000000000000000e+02 2.198525972622634939e+01 3.671822202733561100e-04 2.492380775463010423e+02 1.048008364652461624e-02
1.430000000000000000e+02 2.214068486803472879e+01 4.591739821588445452e-04 2.844662435177426119e+02 1.025758839176818538e-02
1.440000000000000000e+02 2.229348433080821223e+01 1.788719748410166118e-03 2.816230067131393753e+02 1.228335992903719504e-02
1.450000000000000000e+02 2.244901875562480242e+01 9.137601533997522169e-05 2.788259446929247360e+02 7.879686670880762731e-03
1.470000000000000000e+02 2.275832118059957665e+01 9.003955216462330600e-05 2.546493959120175248e+02 7.909625743252516814e-03
1.480000000000000000e+02 2.291131317164811421e+01 9.452268013285907962e-04 2.792326696950432279e+02 1.018611277912013884e-02
1.500000000000000000e+02 2.322186363578212109e+01 2.221365425481669584e-04 2.913077840390704409e+02 8.981290958261388055e-03
1.510000000000000000e+02 2.337619769900820899e+01 3.790613965785391950e-04 2.499372287543986886e+02 7.328116862025725944e-03
1.540000000000000000e+02 2.383926821376045524e+01 5.751649071593273365e-04 2.620520831907582533e+02 8.861901797024866398e-03
1.560000000000000000e+02 2.414913636018122034e+01 9.470708778942439783e-05 3.009670494037712274e+02 8.597902857193678167e-03
1.570000000000000000e+02 2.430361991277290201e+01 1.835275795798736297e-04 2.894908357680810127e+02 8.479859854345574502e-03
1.580000000000000000e+02 2.445803078478751758e+01 1.677995007582853938e-04 2.880695205489743103e+02 8.430927282868129480e-03
1.590000000000000000e+02 2.461195804760621186e+01 7.317274523886556933e-05 2.928297472674633468e+02 8.493752360536174079e-03
1.600000000000000000e+02 2.476671098800487059e+01 1.176439237303324712e-04 2.929539640465050070e+02 8.314980186523357117e-03
1.610000000000000000e+02 2.492113553938109405e+01 1.912666640322881889e-04 3.112977411873540632e+02 9.760444306516569135e-03
1.620000000000000000e+02 2.507620424169166284e+01 1.359260085713495756e-04 2.759349366747181307e+02 8.503490841242616199e-03
1.630000000000000000e+02 2.522987976786072650e+01 1.042876328506182632e-04 2.803589043110659986e+02 8.167966735861986391e-03
1.640000000000000000e+02 2.538514782323296259e+01 1.368919851034531708e-04 3.142119586320522444e+02 8.832775912045525216e-03
1.650000000000000000e+02 2.553953572074920331e+01 2.237073857746826975e-04 2.877132075360529484e+02 9.911918103246252290e-03
1.660000000000000000e+02 2.569421485392606641e+01 4.455333793873722715e-05 2.937964380466380589e+02 8.092911789111407669e-03
1.670000000000000000e+02 2.584933458779318016e+01 1.669374162331114587e-04 2.897913748992531282e+02 9.134714094965299888e-03
1.680000000000000000e+02 2.600330330470313456e+01 2.369755142412268041e-04 2.946795013315658593e+02 9.276607751288771728e-03
1.690000000000000000e+02 2.615799050446625174e+01 1.833636757038379608e-04 3.142224050606664036e+02 8.344747946446476328e-03
1.700000000000000000e+02 2.631263864420079557e+01 2.821207936364389184e-04 2.865819838469556089e+02 9.556155775970045368e-03
1.710000000000000000e+02 2.646703464211102386e+01 8.687746724430565328e-05 2.901518288486166739e+02 8.543948169266804560e-03
1.720000000000000000e+02 2.662113800283179188e+01 1.354223368748700188e-04 3.169033799725046947e+02 8.714559932844161486e-03
1.730000000000000000e+02 2.677560107891005359e+01 1.648396272124912933e-04 3.036450854273778077e+02 9.263624759047453180e-03
1.740000000000000000e+02 2.692985189363452037e+01 1.598461281527835246e-04 2.938640375169499634e+02 8.859440074625149486e-03
1.750000000000000000e+02 2.708515227605664677e+01 1.328101035757262808e-04 3.031768332339671019e+02 8.985723732164305894e-03
1.760000000000000000e+02 2.723938590812206328e+01 1.118789467120697020e-04 2.862036798831656483e+02 8.776528389378335585e-03
1.770000000000000000e+02 2.739404517943193795e+01 1.249227750600755756e-04 3.010045468111941886e+02 9.104262161590735702e-03
1.780000000000000000e+02 2.754830733340308413e+01 1.734525997025387868e-04 2.966190514703856707e+02 9.360465682174025706e-03
1.790000000000000000e+02 2.770294740949628221e+01 6.202003145612301771e-05 2.910852451976219299e+02 8.316125464214153828e-03
1.800000000000000000e+02 2.785771290358742647e+01 1.698286266045505148e-04 3.191043894836423078e+02 9.184344352444478651e-03
